{
 "cells": [
  {
   "cell_type": "markdown",
   "metadata": {},
   "source": [
    "# SVM\n",
    "C越小, regularization越強  \n",
    "C : float, default: 1.0  \n",
    "Inverse of regularization strength; must be a positive float. Like in support vector machines, smaller values specify stronger regularization.  \n",
    "\n",
    "SVC: probability=True  \n",
    "可輸出機率  \n",
    "print(model.predict_proba(X))\n"
   ]
  },
  {
   "cell_type": "markdown",
   "metadata": {},
   "source": [
    "對於logistic regression是用GD往likelihood的最大值前進  \n",
    "對於Linear SVM是往Margin的最大值前進  \n",
    "假設該資料集非線性可分, 引入$\\xi$ 增加容錯來幫助分對  \n",
    "SVM導入Kernel的觀念, 將training data的維度升高(製造高維, $\\phi_0,...\\phi_n$),  \n",
    "透過刻意升高維度讓原本難分類的資料, 變得好分類\n",
    "原本training data的維度升高計算變得複雜,  \n",
    "使用特別的kernel, kernel trick使計算變得簡化許多"
   ]
  },
  {
   "cell_type": "markdown",
   "metadata": {},
   "source": [
    "定義一個hyperplane  \n",
    "$w^Tx+b=0$  \n",
    "假設我們以$f(x) = sgn(w^Tx+b)$當作分類的分式  \n",
    "$w^Tx+b\\geq 1$ if $y_i = 1$  \n",
    "$w^Tx+b\\leq -1$ if   $y_i = -1$  \n",
    "\n",
    "\n",
    "計算Margin  \n",
    "給定兩個parallel  \n",
    "$w^Tx=b_1$  \n",
    "$w^Tx=b_2$\n",
    "distance:\n",
    "$=\\frac{|b_1-b_2|}{||w||_2}$  \n",
    "\n",
    "所以Marge $=\\frac{2}{\\sqrt{w^Tw}}$  \n",
    "求最大值 $w:=arg~max_w \\frac{2}{\\sqrt{w^Tw}}$  \n",
    "等同於求最小值  $w:=arg~min_w \\frac{\\sqrt{w^Tw}}{2}$  \n",
    "等同於求最小值  $w:=arg~min_w \\frac{1}{2}w^Tw$  \n",
    "限制條件(分對的條件):  \n",
    "Subject to $y_i(w^Tx_i+b) \\geq 1 $ 對每一個i"
   ]
  },
  {
   "cell_type": "markdown",
   "metadata": {},
   "source": [
    "### 若資料集非線性可分, 引入penalty\n",
    "$min_w \\frac{1}{2}w^Tw + C\\sum_{i=1}^n \\xi_i$  \n",
    "Subject to  \n",
    "$y_i(w^Tx_i+b)\\geq 1-\\xi_i$, 這裡$\\xi$是一個正值, C也是一個正值(Regularization Parameter)  \n",
    "\n",
    "稱之為**soft margin classification**  \n",
    "soft margin:\n",
    "  - 因為資料有可能線性不可分\n",
    "  - 就算資料線性可分, 有時候增加容錯可以得到更大的Margin\n",
    "\n",
    "C控制overfitting  \n",
    "C越大使得$\\xi$越小, 越不容錯  \n",
    "\n"
   ]
  },
  {
   "cell_type": "markdown",
   "metadata": {},
   "source": [
    "重新整裡一下  \n",
    "$min_w \\frac{1}{2}w^Tw + C\\sum_{i=1}^n \\xi_i$  \n",
    "Subject to  \n",
    "$y_i(w^Tx_i+b)\\geq 1-\\xi_i$  \n",
    "因為有限制條件, 所以無法直接用Gradient Decend求最佳解w  \n",
    "\n",
    "改寫成如下  \n",
    "\n",
    "$min_w \\frac{1}{2}w^Tw + C\\sum_{i=1}^n max[0, 1-y_i(w^Tx_i+b)]$ \n",
    "\n",
    "因為分對邊的話$y_i(w^Tx_i+b) \\geq 1$  \n",
    "$max[0,1-y_i(w^Tx_i+b)]$ 會取最大值0 , 表示$\\xi=0$ [分對=0]  \n",
    "分錯邊的話$y_i(w^Tx_i+b) < 1$  會取最大值$1-y_i(w^Tx_i+b)$ , 表示$\\xi$有誤差存在  \n",
    "\n",
    "改寫成這樣就能用GD了  \n",
    "$f(w,b)=\\frac{1}{2}w^Tw+C\\sum_{i=1}^n max[0,1-y_i(w^Tx_i+b)]$  \n",
    "$\\triangledown_{w_j}f = w_j + C\\sum_{i=1}^n\\frac{\\partial~max[0,1-y_i(w^Tx_i+b)]}{\\partial w_j}$  \n",
    "$ \\frac{\\partial~max[0,1-y_i(w^Tx_i+b)]}{\\partial w_j} = 0$ if $y_i(w^Tx_i+b) \\geq 1$  \n",
    "$ \\frac{\\partial~max[0,1-y_i(w^Tx_i+b)]}{\\partial w_j} = -y_ix_{ij}$ else  \n",
    "\n",
    "所以   \n",
    "$\\begin{aligned}\n",
    "\\triangledown_{w_j}f =& w_j~~~~~~~~~~~~~~~~~~~~~~~~~~~if~y_i(w^Tx_i+b) \\geq 1 \\\\ \n",
    " &w_j +C\\sum_{i=1}^n(-y_ix_{ij})~~~~~~else  \\\\\n",
    "\\end{aligned}$\n",
    "\n"
   ]
  },
  {
   "cell_type": "markdown",
   "metadata": {},
   "source": [
    "### Solve Linear SVM by Gradient Descent  \n",
    "假設有d維  \n",
    "$\n",
    "\\begin{aligned}\n",
    "&while~(true) \\lbrace \\\\\n",
    "&~~for~(j=1,2,....d)~\\lbrace \\\\\n",
    "&~~~~\\triangledown_{w_j}f(x_{1:n}) = w_j + C\\sum_{i=1}^n\\frac{\\partial~max[0,1-y_i(w^Tx_i+b)]}{\\partial w_j}  \\\\\n",
    "&~~~~w_j = w_j - \\alpha \\triangledown_{w_j}f \\\\\n",
    "&~~~\\rbrace \\\\\n",
    "&~~~if~(w~converges)~break \\\\\n",
    "&\\rbrace \\\\\n",
    "\\end{aligned}\n",
    "$  \n",
    "### Solve Linear SVM by Stochastic Gradient Descent  \n",
    "$\n",
    "\\begin{aligned}\n",
    "&while~(true) \\lbrace \\\\\n",
    "&~~~for~(i=1,2,....n)~\\lbrace \\\\\n",
    "&~~~~~~for~(j=1,2,....d)~\\lbrace \\\\\n",
    "&~~~~~~~~~\\triangledown_{w_j}f(x_i) = w_j + C\\frac{\\partial~max[0,1-y_i(w^Tx_i+b)]}{\\partial w_j}  \\\\\n",
    "&~~~~~~~~~w_j = w_j - \\alpha \\triangledown_{w_j}f \\\\\n",
    "&~~~~~~\\rbrace \\\\\n",
    "&~~\\rbrace \\\\\n",
    "&~~if~(w~converges)~break \\\\\n",
    "&\\rbrace \\\\\n",
    "\\end{aligned}\n",
    "$  "
   ]
  },
  {
   "cell_type": "markdown",
   "metadata": {},
   "source": [
    "### Kernel SVM  \n",
    "Map features to higher dimension  \n",
    "ex:  \n",
    "X有$(x_1,x_2)$兩個維度  \n",
    "我們可以新增一個維度$x_3=x_1^2+x_2^2$  \n",
    "$\\phi (x_1,x_2) = (x_1,x_2,x_1^2+x_2^2)$  \n",
    "\n",
    "為了簡化問題, 這裡先省略$\\xi$部分  \n",
    "$min_w \\frac{1}{2}w^Tw$  \n",
    "Subject to  \n",
    "$y_i(w^T\\phi(x_i)+b)\\geq 1$  \n",
    "在linear SVM中w的維度跟$x_i$都是d維  \n",
    "在kernel SVM中w的維度跟$\\phi (x_i)$都大於d維(可能無限維度)  \n",
    "- 如果w無限維度, 在電腦中如何儲存?  \n",
    "- 如果w無限維度, $w^T\\phi(x_i)$ 如何更有效率的計算?  \n",
    "\n",
    "\n",
    "\n",
    "\n",
    "\n",
    "\n"
   ]
  },
  {
   "cell_type": "markdown",
   "metadata": {},
   "source": [
    "### Generalized Lagrangian\n",
    "\n",
    "Generalized Lagrangian:  \n",
    "Minimize f(x)  \n",
    "subject to  \n",
    "g(x) $\\leq$ 0 (i=1,...,p) and  \n",
    "h(x) = 0 (j=1,...,m)  \n",
    "- Lagrangian  \n",
    "$\\mathcal{L}(x,\\lambda,\\mu)$  \n",
    "$ = f(x) + \\sum_{i=1}^p\\lambda_ig_i(x) + \\sum_{j=1}^m\\mu_jh_j(x)$  "
   ]
  },
  {
   "cell_type": "markdown",
   "metadata": {},
   "source": [
    "### KKT Condition\n",
    "KKT. "
   ]
  },
  {
   "cell_type": "markdown",
   "metadata": {},
   "source": [
    "### Lagrangian and SVM  \n",
    "\n",
    "Lagrangian and SVM:  \n",
    "Minimize $\\frac{1}{2}w^Tw$\n",
    "subject to  \n",
    "$1-y_i(w^T\\phi(x_i)+b)\\leq 0$ \n",
    "- Lagrangian  \n",
    "$\\mathcal{L}(w,b,\\lambda)$  \n",
    "$ = \\frac{1}{2}w^Tw + \\sum \\lambda_i[1-y_i(w^T\\phi(x_i)+b)]$  \n",
    "\n",
    "### Solve SVM by Lagrangian  \n",
    "$\\mathcal{L}(w,b,\\lambda) = \\frac{1}{2}w^Tw + \\sum \\lambda_i[1-y_i(w^T\\phi(x_i)+b)]$  \n",
    "偏微分令:=0  \n",
    "$\\triangledown_w\\mathcal{L}(w,b,\\lambda) = w -  \\sum \\lambda_i[y_i(\\phi(x_i))] :=0$  \n",
    "$\\triangledown_b\\mathcal{L}(w,b,\\lambda) = - \\sum \\lambda_i[y_i(1)] :=0$  \n",
    "上兩式可得:  \n",
    "$w = \\sum \\lambda_iy_i\\phi(x_i)$  \n",
    "且$\\sum \\lambda_iy_i=0$  \n",
    "\n",
    "所以如果有一筆test sample, $x_t$  \n",
    "$f(x_t) = w^T\\phi (x_t)+b = \\sum \\lambda_iy_i\\phi(x_i)^T\\phi (x_t)+b $  \n",
    "ex:  \n",
    "$x_i = [x_{i1},x_{i2}]^T \\in R^2$, $\\phi (x_i) \\in R^6$  \n",
    "if we set $\\phi(x_i) = [1,\\sqrt2x_{i1},\\sqrt2x_{i2},\\sqrt2x_{i1}x_{i2},x_{i1}^2,x_{i2}^2]^T$  \n",
    "Then $\\phi (x_i)^T\\phi (x_t) = 1 + x_{i1}^2x_{t1}^2 + x_{i2}^2x_{t2}^2 + \\sqrt2x_{i1}x_{t1}+ \\sqrt2x_{i2}x_{t2} + \\sqrt2x_{i1}x_{t1}x_{i2}x_{t2}$  \n",
    "不好計算, 複雜度高  \n"
   ]
  },
  {
   "cell_type": "markdown",
   "metadata": {},
   "source": [
    "### Kernel Trick \n",
    "假設函數$\\phi(x_i)$  \n",
    "$\\phi(x_i) = [1,\\sqrt2x_{i1},\\sqrt2x_{i2},\\sqrt2x_{i1}x_{i2},x_{i1}^2,x_{i2}^2]^T$  \n",
    "相乘可以簡化為   \n",
    "$\\phi (x_i)^T\\phi (x_t) = (1+x_i^Tx_T)^2$  \n",
    "\n",
    "$f(x_t) = w^T\\phi (x_t)+b = \\sum \\lambda_iy_i\\phi(x_i)^T\\phi (x_t)+b $  \n",
    "$ = \\sum \\lambda_iy_i[(1+x_i^Tx_t)^2]+b $  \n",
    "\n",
    "導入Kernel概念  \n",
    "$f(x_t) = w^T\\phi (x_t)+b = \\sum \\lambda_iy_iK(x_i,x_t)+b $  \n",
    "- Linear kernel (linear SVM):  \n",
    "$K(x_i,x_t) = x_i^Tx_t = <x_i,x_t>$  \n",
    "- Polynomial kernel (linear SVM):  \n",
    "$K(x_i,x_t) = (<x_i,x_t>+\\gamma)^d$, $\\gamma > 0 $  \n",
    "- Gaussian (RBF) kernel:  \n",
    "$K(x_i,x_t) = e^{-\\gamma||x_i-x_t||^2} $  \n",
    "\n",
    "RBF Kernel maps $x_i$ to infinite dimension:  \n",
    "Assume $x_i \\in R^1, \\gamma > 0$  \n",
    "$e^{-\\gamma||x_i-x_j||^2} = e^{-\\gamma (x_i-x_j)^2} = exp(-\\gamma x_i^2+2\\gamma x_ix_j-\\gamma x_j^2 )$  \n",
    "$exp(-\\gamma x_i^2-\\gamma x_j^2 )*exp(2\\gamma x_ix_j)$ \n",
    "\n",
    "**By Taylor exansion:**  \n",
    "$e^x = \\sum_{i=0}^\\infty\\frac{x^i}{i!}$  \n",
    "\n",
    "\n",
    "$exp(-\\gamma x_i^2-\\gamma x_j^2 )*exp(2\\gamma x_ix_j)$  \n",
    "$= exp(-\\gamma x_i^2-\\gamma x_j^2 )*\\sum_{n=0}^\\infty\\frac{2 \\gamma x_ix_j^n}{n!}$  \n",
    "$= exp(-\\gamma x_i^2-\\gamma x_j^2 )*(1+\\frac{(2 \\gamma x_ix_j)^1}{1!}+\\frac{(2 \\gamma x_ix_j)^2}{2!}+...)$  \n",
    "$= exp(-\\gamma x_i^2-\\gamma x_j^2 )*(1*1+\\sqrt{\\frac{(2\\gamma)}{1!}}x_i\\sqrt{\\frac{(2\\gamma)}{1!}}x_j+\\sqrt{\\frac{(2\\gamma)^2}{2!}}x_i^2\\sqrt{\\frac{(2\\gamma)^2}{2!}}x_j^2+...)$  \n",
    "$= \\phi(x_i)\\phi(x_j)$  \n",
    "所以  \n",
    "$\\phi(x_t) = exp(-\\gamma x_t^2)[1,\\sqrt{\\frac{(2\\gamma)^1}{1!}}x_t^1]^T,\\sqrt{\\frac{(2\\gamma)^2}{2!}}x_t^2,...]$\n",
    "\n",
    "\n",
    "\n",
    "\n"
   ]
  },
  {
   "cell_type": "markdown",
   "metadata": {},
   "source": [
    "### $\\lambda$ 與計算$K(x_i,x_t)$\n",
    "\n",
    "對於給一筆test sample預測  \n",
    "$f(x_t) = w^T\\phi (x_t)+b = \\sum \\lambda_iy_iK(x_i,x_t)+b $  \n",
    "其實要拿每一筆train sample $x_i$,  \n",
    "計算$\\lambda_iy_iK(x_i,x_t)$  \n",
    "但實際上$\\lambda_i$大部分是0 (KKT Condition)  \n",
    "$\\lambda_i$是Lagrangian的參數  \n",
    "實際只需要計算$\\lambda_i > 0$的部分  \n",
    "\n",
    "我們把$\\lambda_i > 0$的那些$x_i$叫做**Support Vector**. "
   ]
  },
  {
   "cell_type": "markdown",
   "metadata": {},
   "source": [
    "### Solve Kernel SVM by Stochastic Gradient Descent?  \n",
    "\n",
    "$\\triangledown_w\\mathcal{L}(w,b,\\lambda) = w -  \\sum \\lambda_i[y_i(\\phi(x_i))] :=0$  \n",
    "$\\triangledown_b\\mathcal{L}(w,b,\\lambda) = - \\sum \\lambda_i[y_i(1)] :=0$  \n",
    "\n",
    "\n",
    "$\n",
    "\\begin{aligned}\n",
    "&while~(true) \\lbrace \\\\\n",
    "&~~~for~(i=1,2,....n)~\\lbrace \\\\\n",
    "&~~~~~~for~(j=1,2,....d)~\\lbrace \\\\\n",
    "&~~~~~~~~~\\triangledown_{w_j}f(x_i) = w_j + C\\frac{\\partial~max[0,1-y_i(w^T\\phi(x_i)+b)]}{\\partial w_j} \\\\\n",
    "&~~~~~~~~~w_j = w_j - \\alpha \\triangledown_{w_j}f \\\\\n",
    "&~~~~~~\\rbrace \\\\\n",
    "&~~\\rbrace \\\\\n",
    "&~~if~(w~converges)~break \\\\\n",
    "&\\rbrace \\\\\n",
    "\\end{aligned}\n",
    "$  \n",
    "\n",
    "=========================  \n",
    "\n",
    "以RBF來說  \n",
    "$\\phi(x_i) = exp(-\\gamma x_i^2)[1,\\sqrt{\\frac{(2\\gamma)^1}{1!}}x_i^1]^T,\\sqrt{\\frac{(2\\gamma)^2}{2!}}x_i^2,...]$  \n",
    "\n",
    "=========================  \n"
   ]
  },
  {
   "cell_type": "markdown",
   "metadata": {},
   "source": [
    "### Kernel Compare\n",
    "linear  \n",
    "poly  \n",
    "rbf  "
   ]
  },
  {
   "cell_type": "code",
   "execution_count": 2,
   "metadata": {},
   "outputs": [],
   "source": [
    "import numpy as np\n",
    "import pandas as pd\n",
    "import matplotlib.pyplot as plt\n",
    "from sklearn.datasets import load_iris\n",
    "from sklearn import svm\n",
    "from sklearn import metrics\n",
    "from myfun import plot_decision_regions\n",
    "%matplotlib inline\n",
    "from matplotlib.pylab import rcParams\n",
    "rcParams['figure.figsize'] = 10, 5"
   ]
  },
  {
   "cell_type": "code",
   "execution_count": 6,
   "metadata": {},
   "outputs": [
    {
     "name": "stderr",
     "output_type": "stream",
     "text": [
      "'c' argument looks like a single numeric RGB or RGBA sequence, which should be avoided as value-mapping will have precedence in case its length matches with 'x' & 'y'.  Please use a 2-D array with a single row if you really want to specify the same RGB or RGBA value for all points.\n",
      "'c' argument looks like a single numeric RGB or RGBA sequence, which should be avoided as value-mapping will have precedence in case its length matches with 'x' & 'y'.  Please use a 2-D array with a single row if you really want to specify the same RGB or RGBA value for all points.\n",
      "'c' argument looks like a single numeric RGB or RGBA sequence, which should be avoided as value-mapping will have precedence in case its length matches with 'x' & 'y'.  Please use a 2-D array with a single row if you really want to specify the same RGB or RGBA value for all points.\n"
     ]
    },
    {
     "name": "stdout",
     "output_type": "stream",
     "text": [
      "[[9.63171309e-01 2.17376179e-02 1.50910732e-02]\n",
      " [8.60113506e-01 1.05099322e-01 3.47871723e-02]\n",
      " [9.81715252e-01 1.18060245e-02 6.47872309e-03]\n",
      " [9.82274179e-01 1.19038457e-02 5.82197570e-03]\n",
      " [9.87463385e-01 6.36867854e-03 6.16793639e-03]\n",
      " [9.71903001e-01 1.30831852e-02 1.50138137e-02]\n",
      " [9.96099271e-01 2.09897246e-03 1.80175624e-03]\n",
      " [9.66239461e-01 2.03388417e-02 1.34216970e-02]\n",
      " [9.83181105e-01 1.20710055e-02 4.74788941e-03]\n",
      " [9.10403729e-01 6.44007662e-02 2.51955050e-02]\n",
      " [9.30842611e-01 3.74270979e-02 3.17302911e-02]\n",
      " [9.88550658e-01 6.55177461e-03 4.89756698e-03]\n",
      " [9.14841396e-01 6.30380741e-02 2.21205295e-02]\n",
      " [9.94198550e-01 3.82899686e-03 1.97245338e-03]\n",
      " [8.71306640e-01 5.77508102e-02 7.09425498e-02]\n",
      " [9.85600067e-01 4.51259840e-03 9.88733510e-03]\n",
      " [9.71903001e-01 1.30831852e-02 1.50138137e-02]\n",
      " [9.63171309e-01 2.17376179e-02 1.50910732e-02]\n",
      " [8.14393865e-01 9.62809139e-02 8.93252211e-02]\n",
      " [9.91813842e-01 3.48072946e-03 4.70542883e-03]\n",
      " [7.52918160e-01 1.61416456e-01 8.56653842e-02]\n",
      " [9.86802856e-01 6.24607876e-03 6.95106526e-03]\n",
      " [9.98516602e-01 6.58801620e-04 8.24596680e-04]\n",
      " [9.05340457e-01 6.26797100e-02 3.19798330e-02]\n",
      " [9.88550658e-01 6.55177461e-03 4.89756698e-03]\n",
      " [7.78442390e-01 1.68611718e-01 5.29458919e-02]\n",
      " [9.66239461e-01 2.03388417e-02 1.34216970e-02]\n",
      " [9.37911010e-01 3.73091264e-02 2.47798637e-02]\n",
      " [9.02345421e-01 6.15224205e-02 3.61321581e-02]\n",
      " [9.81715252e-01 1.18060245e-02 6.47872309e-03]\n",
      " [9.47450896e-01 3.69674663e-02 1.55816374e-02]\n",
      " [7.52918160e-01 1.61416456e-01 8.56653842e-02]\n",
      " [9.96510504e-01 1.04581517e-03 2.44368124e-03]\n",
      " [9.87517408e-01 4.59911906e-03 7.88347297e-03]\n",
      " [9.10403729e-01 6.44007662e-02 2.51955050e-02]\n",
      " [9.08024731e-01 6.36242250e-02 2.83510445e-02]\n",
      " [7.45095442e-01 1.58444353e-01 9.64602054e-02]\n",
      " [9.92670265e-01 3.61723801e-03 3.71249665e-03]\n",
      " [9.90006636e-01 6.77793711e-03 3.21542669e-03]\n",
      " [9.42253932e-01 3.55976085e-02 2.21484595e-02]\n",
      " [9.79496396e-01 1.13936218e-02 9.10998193e-03]\n",
      " [5.61166390e-01 3.91963689e-01 4.68699213e-02]\n",
      " [9.96397245e-01 2.13366634e-03 1.46908875e-03]\n",
      " [9.79496396e-01 1.13936218e-02 9.10998193e-03]\n",
      " [9.91813842e-01 3.48072946e-03 4.70542883e-03]\n",
      " [9.14841396e-01 6.30380741e-02 2.21205295e-02]\n",
      " [9.91813842e-01 3.48072946e-03 4.70542883e-03]\n",
      " [9.89378914e-01 6.67934783e-03 3.94173845e-03]\n",
      " [9.58565228e-01 2.20816244e-02 1.93531471e-02]\n",
      " [9.44209040e-01 3.61453320e-02 1.96456284e-02]\n",
      " [7.89402073e-04 2.08297732e-01 7.90912866e-01]\n",
      " [1.01556648e-02 3.91568544e-01 5.98275791e-01]\n",
      " [8.32188291e-04 2.48166510e-01 7.51001302e-01]\n",
      " [7.00093230e-03 8.28756221e-01 1.64242846e-01]\n",
      " [1.31933859e-03 4.31102142e-01 5.67578519e-01]\n",
      " [3.11739288e-02 6.98454519e-01 2.70371552e-01]\n",
      " [2.34917540e-02 4.05346934e-01 5.71161312e-01]\n",
      " [1.82238581e-01 7.37462396e-01 8.02990233e-02]\n",
      " [1.32537732e-03 3.76583403e-01 6.22091219e-01]\n",
      " [1.78876832e-01 6.94905284e-01 1.26217885e-01]\n",
      " [1.35483618e-02 9.18361100e-01 6.80905382e-02]\n",
      " [3.37617815e-02 6.00415187e-01 3.65823032e-01]\n",
      " [6.25286544e-04 7.17621419e-01 2.81753294e-01]\n",
      " [9.68167994e-03 5.58409203e-01 4.31909117e-01]\n",
      " [7.35965523e-02 6.86114476e-01 2.40288972e-01]\n",
      " [1.91698932e-03 3.08530415e-01 6.89552596e-01]\n",
      " [1.17153796e-01 6.43136303e-01 2.39709901e-01]\n",
      " [1.33259333e-02 6.94087217e-01 2.92586850e-01]\n",
      " [3.08294914e-04 6.52706938e-01 3.46984768e-01]\n",
      " [1.20538161e-02 7.79287195e-01 2.08658989e-01]\n",
      " [7.82311541e-02 5.47339147e-01 3.74429699e-01]\n",
      " [6.24110919e-03 5.78515019e-01 4.15243872e-01]\n",
      " [7.98706618e-04 5.62752713e-01 4.36448580e-01]\n",
      " [6.24110919e-03 5.78515019e-01 4.15243872e-01]\n",
      " [2.90286806e-03 4.49151464e-01 5.47945668e-01]\n",
      " [1.95286298e-03 3.58849488e-01 6.39197649e-01]\n",
      " [4.47029900e-04 3.25130620e-01 6.74422350e-01]\n",
      " [1.30329897e-03 3.25020879e-01 6.73675822e-01]\n",
      " [1.45192904e-02 5.92337734e-01 3.93142975e-01]\n",
      " [1.33306533e-02 7.38487326e-01 2.48182020e-01]\n",
      " [1.10508257e-02 8.15051761e-01 1.73897413e-01]\n",
      " [1.10508257e-02 8.15051761e-01 1.73897413e-01]\n",
      " [1.33259333e-02 6.94087217e-01 2.92586850e-01]\n",
      " [5.97131247e-03 6.32314592e-01 3.61714096e-01]\n",
      " [2.69288580e-01 5.64203425e-01 1.66507995e-01]\n",
      " [1.20254679e-01 4.65642126e-01 4.14103195e-01]\n",
      " [1.91698932e-03 3.08530415e-01 6.89552596e-01]\n",
      " [3.48073062e-04 5.99663850e-01 3.99988077e-01]\n",
      " [1.17153796e-01 6.43136303e-01 2.39709901e-01]\n",
      " [1.75033100e-02 7.99199172e-01 1.83297518e-01]\n",
      " [2.78655401e-02 7.80236141e-01 1.91898319e-01]\n",
      " [1.49702862e-02 5.37443631e-01 4.47586083e-01]\n",
      " [8.45099915e-03 7.12568230e-01 2.78980770e-01]\n",
      " [6.61317382e-02 8.51288496e-01 8.25797655e-02]\n",
      " [2.93739428e-02 7.41794500e-01 2.28831557e-01]\n",
      " [7.63267903e-02 6.42271843e-01 2.81401367e-01]\n",
      " [4.81429124e-02 6.73786687e-01 2.78070401e-01]\n",
      " [6.46211719e-03 5.22743177e-01 4.70794706e-01]\n",
      " [1.11109170e-01 7.84664802e-01 1.04226028e-01]\n",
      " [3.11739288e-02 6.98454519e-01 2.70371552e-01]\n",
      " [2.34917540e-02 4.05346934e-01 5.71161312e-01]\n",
      " [1.33259333e-02 6.94087217e-01 2.92586850e-01]\n",
      " [2.61877261e-04 2.08281987e-01 7.91456136e-01]\n",
      " [4.32332961e-03 4.86101629e-01 5.09575041e-01]\n",
      " [2.92941570e-03 3.93988749e-01 6.03081836e-01]\n",
      " [3.36125708e-05 1.09812793e-01 8.90153594e-01]\n",
      " [2.83347154e-01 6.33521465e-01 8.31313806e-02]\n",
      " [9.36433833e-05 1.73250431e-01 8.26655926e-01]\n",
      " [2.74883895e-04 4.12796942e-01 5.86928174e-01]\n",
      " [1.53529300e-03 1.25589674e-01 8.72875033e-01]\n",
      " [6.66260605e-03 3.57436930e-01 6.35900464e-01]\n",
      " [1.28016676e-03 4.87347601e-01 5.11372232e-01]\n",
      " [8.70848627e-04 2.92840601e-01 7.06288550e-01]\n",
      " [8.79547849e-03 7.55423046e-01 2.35781475e-01]\n",
      " [2.09248065e-02 6.73756238e-01 3.05318955e-01]\n",
      " [1.01556648e-02 3.91568544e-01 5.98275791e-01]\n",
      " [2.92941570e-03 3.93988749e-01 6.03081836e-01]\n",
      " [3.38565869e-04 5.48065246e-02 9.44854909e-01]\n",
      " [1.95417351e-05 1.25359758e-01 8.74620700e-01]\n",
      " [6.25286544e-04 7.17621419e-01 2.81753294e-01]\n",
      " [1.21248784e-03 2.34285704e-01 7.64501808e-01]\n",
      " [4.75710471e-02 7.16206450e-01 2.36222503e-01]\n",
      " [1.78685852e-05 1.09740605e-01 8.90241526e-01]\n",
      " [1.85116539e-03 5.24861591e-01 4.73287244e-01]\n",
      " [4.26582963e-03 2.76733506e-01 7.19000665e-01]\n",
      " [3.32860217e-04 1.62781501e-01 8.36885638e-01]\n",
      " [4.18917440e-03 5.42537539e-01 4.53273287e-01]\n",
      " [1.49702862e-02 5.37443631e-01 4.47586083e-01]\n",
      " [1.92264218e-03 4.68266295e-01 5.29811063e-01]\n",
      " [1.75490103e-04 1.84413957e-01 8.15410553e-01]\n",
      " [5.61454948e-05 1.62620357e-01 8.37323497e-01]\n",
      " [8.10537818e-04 4.09679275e-02 9.58221535e-01]\n",
      " [1.92264218e-03 4.68266295e-01 5.29811063e-01]\n",
      " [2.82713340e-03 5.05591308e-01 4.91581559e-01]\n",
      " [2.57705680e-03 6.16612265e-01 3.80810678e-01]\n",
      " [2.17643890e-05 9.58536959e-02 9.04124540e-01]\n",
      " [3.55871015e-02 3.84472845e-01 5.79940054e-01]\n",
      " [6.68214772e-03 4.10819141e-01 5.82498712e-01]\n",
      " [2.24966829e-02 5.70489672e-01 4.07013645e-01]\n",
      " [8.32188291e-04 2.48166510e-01 7.51001302e-01]\n",
      " [1.91698932e-03 3.08530415e-01 6.89552596e-01]\n",
      " [8.32188291e-04 2.48166510e-01 7.51001302e-01]\n",
      " [1.33259333e-02 6.94087217e-01 2.92586850e-01]\n",
      " [1.86010597e-03 2.62375430e-01 7.35764464e-01]\n",
      " [4.26582963e-03 2.76733506e-01 7.19000665e-01]\n",
      " [1.30329897e-03 3.25020879e-01 6.73675822e-01]\n",
      " [7.98706618e-04 5.62752713e-01 4.36448580e-01]\n",
      " [2.92941570e-03 3.93988749e-01 6.03081836e-01]\n",
      " [5.38216486e-02 4.15285348e-01 5.30893003e-01]\n",
      " [3.37617815e-02 6.00415187e-01 3.65823032e-01]]\n"
     ]
    },
    {
     "name": "stderr",
     "output_type": "stream",
     "text": [
      "'c' argument looks like a single numeric RGB or RGBA sequence, which should be avoided as value-mapping will have precedence in case its length matches with 'x' & 'y'.  Please use a 2-D array with a single row if you really want to specify the same RGB or RGBA value for all points.\n",
      "'c' argument looks like a single numeric RGB or RGBA sequence, which should be avoided as value-mapping will have precedence in case its length matches with 'x' & 'y'.  Please use a 2-D array with a single row if you really want to specify the same RGB or RGBA value for all points.\n",
      "'c' argument looks like a single numeric RGB or RGBA sequence, which should be avoided as value-mapping will have precedence in case its length matches with 'x' & 'y'.  Please use a 2-D array with a single row if you really want to specify the same RGB or RGBA value for all points.\n",
      "'c' argument looks like a single numeric RGB or RGBA sequence, which should be avoided as value-mapping will have precedence in case its length matches with 'x' & 'y'.  Please use a 2-D array with a single row if you really want to specify the same RGB or RGBA value for all points.\n",
      "'c' argument looks like a single numeric RGB or RGBA sequence, which should be avoided as value-mapping will have precedence in case its length matches with 'x' & 'y'.  Please use a 2-D array with a single row if you really want to specify the same RGB or RGBA value for all points.\n",
      "'c' argument looks like a single numeric RGB or RGBA sequence, which should be avoided as value-mapping will have precedence in case its length matches with 'x' & 'y'.  Please use a 2-D array with a single row if you really want to specify the same RGB or RGBA value for all points.\n"
     ]
    },
    {
     "data": {
